y1 = [1.45602759558687e-06 + 0.000203371259555580i
3.75641209308406e-05 + 2.72599787702683e-06i
0.000102420968278847 - 0.000156059285744363i
0.000271913354461614 - 0.000435938996751036i
0.000149632566560901 - 0.000177959347350970i
6.58066025246511e-05 - 3.63453299921679e-05i
5.84849952073052e-05 + 8.92809574598948e-06i
0.00228827106673295 + 0.00181507635028159i
0.000900261965201230 + 0.00114066128776703i
6.16689768197985e-06 + 1.00006097578549e-05i
1.30258786461079e-06 + 3.25224559702166e-06i
8.26057797271583e-08 + 2.87546245818386e-06i
-1.92574378284702e-06 + 7.16702100668550e-06i
-0.000337780088601036 + 0.000849441496522606i
-6.54177964568403e-05 + 0.000147208181419915i
-6.38107278795203e-06 + 1.37724618785374e-05i
-0.0953696767653165 - 0.0212876788937611i
-0.0286471967015147 - 0.0110848478392269i
-0.000175620293036811 - 8.54073439609987e-05i
-8.81921728672231e-05 - 5.10623811260389e-05i
-4.25920261654446e-05 - 2.60146406381318e-05i
-1.38294337007048e-05 - 7.38739396925396e-06i
-3.96261165370534e-06 - 1.05694850238211e-06i
4.12946363222612e-06 + 3.53296364787312e-06i
2.31532241611861e-05 + 1.21846890713521e-05i
1.59094364968361e-05 + 7.31546676735952e-06i
8.81617209549043e-06 + 4.16655685101746e-06i
7.76531103391713e-06 + 4.44291187475287e-06i
1.26394582290667e-05 + 1.03256905568799e-05i
0.000120972913792978 + 0.000167286446817795i
1.00421860951944e-05 + 2.98340067566345e-05i
5.80648516476374e-07 + 7.82303103763260e-06i
-6.42096788374878e-05 - 8.46916217085536e-05i
-0.0729040215115230 + 0.0424649188444341i
3.24158263079884e-05 + 8.06522509979838e-05i
2.02953063842063e-05 + 5.49451938529397e-05i
1.02635605343079e-05 + 7.20559780477018e-05i
-2.47956075258231e-05 + 0.000127395925683730i
-3.71097882255836e-05 + 7.70411392621628e-05i
-8.85498752620754e-06 + 2.36493132310881e-05i
1.24993113197821e-05 + 7.38971370218145e-07i
1.62160008174809e-05 - 5.24982539919219e-06i
1.45998472421283e-05 - 5.32230355186058e-06i
1.58882243701478e-05 - 5.34221529934230e-06i
2.69129790708307e-05 - 6.56240986664031e-06i
7.36938766059914e-05 - 1.47370441133144e-06i
1.23471246926419e-05 + 7.80245788893053e-06i
9.47628833804406e-07 + 5.24014126724886e-06i
-1.72404234738534e-05 - 3.41459877554598e-05i
6.43966018832648e-06 - 0.000210211937797453i
0.000123061418094579 - 1.71133663216309e-05i
3.58952409645943e-05 + 1.39246573162995e-05i
3.27531352447748e-05 + 2.58244734314489e-05i
7.22428153914373e-05 + 0.000113761917999300i
0.000956919606607788 + 0.00358350307431408i
5.23939207671182e-06 + 2.41179865183580e-05i
4.99493722701853e-06 - 7.76432929375115e-06i
6.55008959222708e-06 - 1.47515278662135e-05i
7.39285529714836e-06 - 1.65350252963668e-05i
8.82640634202020e-06 - 1.86994459497838e-05i
1.31399619015924e-05 - 2.48909319037492e-05i
2.09069971921140e-05 - 2.90346994804363e-05i
7.24862050876202e-06 + 1.28078322282383e-06i
4.48489773914268e-07 + 9.08215954699020e-06i
-2.04315683213186e-05 - 1.84197403941924e-05i
-6.80394857902863e-05 - 7.25537552884508e-05i
-0.00286573551538297 - 0.00782583141123251i
1.15857642086275e-05 - 6.38126636586066e-07i
1.22626712874811e-05 + 5.89537564736188e-06i
1.48168649743364e-05 + 1.32318045870392e-05i
6.91983381206495e-06 + 1.31277881791429e-05i
-3.35374200767759e-06 + 2.47095007000382e-07i
-8.05640716987685e-06 - 1.15164282657718e-05i
-9.26841570929723e-06 - 1.95152403062353e-05i
-7.32852345403845e-06 - 1.88706708519172e-05i
-5.86502999797693e-06 - 1.70063449777429e-05i
-5.55036343101755e-06 - 1.76100719691488e-05i
-4.88144529984987e-06 - 1.86062021535131e-05i
6.42206318648012e-06 + 9.47259810161699e-06i
1.15126257553012e-05 + 2.84547948653018e-05i
-2.02796229287575e-05 - 3.05898456155646e-06i
-4.40663059615390e-05 - 1.05585051317559e-06i
-8.57844762350650e-05 + 4.02983375770029e-05i
1.51195010565214e-06 + 1.44646254047267e-05i
5.56429767677254e-06 + 1.14210361285798e-05i
4.02987060141562e-06 + 1.41607389196639e-05i
-5.40224835211187e-06 + 1.34267869697507e-05i
-1.64592764905219e-05 + 6.46963306503677e-06i
-3.69071838007427e-05 - 2.70552253753875e-06i
-4.47100365822312e-05 - 1.46828805257868e-05i
-1.80195318635489e-05 - 8.93367852724579e-06i
-9.87494922919804e-06 - 5.93411909565291e-06i
-8.02716089314271e-06 - 5.26523703097626e-06i
-7.89044063674262e-06 - 5.06538539945406e-06i
0.00356279375042471 + 0.00302672137695158i
9.54305932849231e-05 + 7.46316826593782e-05i
-1.22797503432122e-05 + 6.79876415190475e-06i
-1.50316136859594e-05 + 1.51463832776699e-05i
-7.87838463142064e-07 + 3.34481862721875e-05i
1.45505182596856e-05 + 1.80169460205526e-05i
1.54568298733516e-05 + 1.41014006076599e-05i
1.82771393016749e-05 + 2.35034787688083e-05i
9.21619023953204e-06 + 5.40868585822565e-05i
-3.80472750087057e-05 + 7.86901925133004e-05i
-0.000715460095773492 + 0.000585050368496383i
-9.05554177912588e-05 + 3.63851396428441e-05i
-1.38841036240204e-05 + 1.96008246637457e-06i
-6.47292897873542e-06 - 3.02537791494072e-07i
-5.00014376570254e-06 - 9.25966967994497e-07i
-4.68991137304653e-06 - 1.68605510324130e-06i
0.00680169414989726 + 0.000669950929336961i
2.88578397258676e-05 + 5.95185636160501e-06i
-2.97026851367567e-06 + 7.44003228947312e-06i
8.93321161117707e-07 + 1.03571383829732e-05i
1.56208758000548e-05 + 1.13749011716962e-05i
2.23288152640108e-05 + 3.91721317939596e-06i
2.49457961481513e-05 + 2.07530153278542e-06i
4.90785705813623e-05 + 1.00328648696387e-05i
0.000559942163483681 + 0.000353570676750921i
8.84435750714204e-05 + 0.000216378182906518i
-2.65984936372212e-05 + 0.000122647061645558i
-2.46108492202556e-05 + 3.08049150575989e-05i
-9.24283854978835e-06 + 5.39042856798334e-06i
-5.63102476656331e-06 + 1.52156621919400e-06i
-5.27354211308356e-06 + 6.00288482224760e-07i
-6.92510881424552e-06 + 4.83546462314851e-07i
1.81223722857129e-06 + 1.66158636750747e-06i
7.19097852670703e-06 + 8.97089322440984e-07i
1.05615159795953e-06 + 3.13381135064615e-06i
4.15989051845981e-06 + 1.93450181731184e-06i
1.21624611288765e-05 - 4.04834406700437e-06i
1.50736197790528e-05 - 9.88840217097218e-06i
1.68843997268297e-05 - 1.28362864028419e-05i
3.26704296127599e-05 - 2.33255364902210e-05i
5.52748467029860e-05 - 2.80962884759575e-05i
1.32766076896086e-05 + 3.76853867058281e-07i
1.55691969069051e-06 + 8.67086637153929e-06i
-8.12870329963665e-06 + 1.72971925676513e-05i
-9.97309744120081e-06 + 1.32021748593147e-05i
-7.18974723015315e-06 + 8.07163306428126e-06i
-6.51695345551472e-06 + 7.42091511001437e-06i
-6.23493925240658e-06 + 9.65844321043475e-06i
1.36620770380801e-06 + 6.29189086068475e-06i
5.34846463074005e-06 + 3.09030738267345e-07i
1.88926703758581e-07 + 3.37385913695921e-08i
7.60463186047881e-07 - 2.18564183062748e-06i
2.11923465854885e-06 - 8.42850866634114e-06i
2.28298926262308e-06 - 1.15947496506086e-05i
1.61745009359220e-06 - 1.27526763203913e-05i
2.14525505007725e-07 - 1.90842563038206e-05i
-3.99336605390744e-06 - 1.93798663874562e-05i
-4.47884580871297e-06 - 5.15911820751919e-06i
-4.54012525930230e-06 + 2.41475755860286e-06i
-6.69084531557371e-06 + 1.92119077610798e-05i
-4.94829467157581e-06 + 7.54328395514362e-05i
3.30344794055627e-06 + 3.95957380368209e-05i
4.98933639432626e-06 + 2.39366703598523e-05i
6.82124660112764e-06 + 1.66405171725766e-05i
6.60859343782891e-06 + 4.82632267151641e-06i
4.81254586287769e-06 - 3.32623640485947e-06i
-1.82298045379147e-06 + 1.24641440896073e-07i
-2.93498616718502e-06 - 9.85531122065975e-07i
-4.60866514572009e-06 - 3.87856967718961e-06i
-4.14106185617714e-06 - 4.82924788227308e-06i
-4.50667693929683e-06 - 4.33748994906819e-06i
-8.83198920562915e-06 - 4.10080311971981e-06i
-1.88967158752009e-05 - 3.06994457733127e-07i
-1.63937521013957e-05 + 6.14935812565670e-06i
-1.07716418174461e-05 + 1.09350393892608e-05i
-2.31338063894477e-06 + 3.13540122301328e-05i
0.000496768999277282 + 0.000707583120341854i
9.26821560209583e-05 + 6.55207648020940e-05i
3.70772744719937e-05 + 1.72269609907359e-05i
2.24306603596830e-05 + 6.16472965730389e-06i
9.61194272405388e-06 - 1.51641750470970e-06i
-4.67268462561993e-07 - 6.59355113436501e-06i
